{
 "cells": [
  {
   "cell_type": "code",
   "execution_count": 1,
   "id": "4708e0ec",
   "metadata": {},
   "outputs": [],
   "source": [
    "import pandas as pd\n",
    "import numpy as np\n"
   ]
  },
  {
   "cell_type": "code",
   "execution_count": 2,
   "id": "a5634e7c",
   "metadata": {},
   "outputs": [
    {
     "data": {
      "text/html": [
       "<div>\n",
       "<style scoped>\n",
       "    .dataframe tbody tr th:only-of-type {\n",
       "        vertical-align: middle;\n",
       "    }\n",
       "\n",
       "    .dataframe tbody tr th {\n",
       "        vertical-align: top;\n",
       "    }\n",
       "\n",
       "    .dataframe thead th {\n",
       "        text-align: right;\n",
       "    }\n",
       "</style>\n",
       "<table border=\"1\" class=\"dataframe\">\n",
       "  <thead>\n",
       "    <tr style=\"text-align: right;\">\n",
       "      <th></th>\n",
       "      <th>sensor ID</th>\n",
       "      <th>norm_secs (secs)</th>\n",
       "      <th>time (days)</th>\n",
       "    </tr>\n",
       "  </thead>\n",
       "  <tbody>\n",
       "    <tr>\n",
       "      <th>0</th>\n",
       "      <td>63802</td>\n",
       "      <td>0.000000</td>\n",
       "      <td>39416.607535</td>\n",
       "    </tr>\n",
       "    <tr>\n",
       "      <th>100</th>\n",
       "      <td>415483</td>\n",
       "      <td>4.500004</td>\n",
       "      <td>39416.607587</td>\n",
       "    </tr>\n",
       "    <tr>\n",
       "      <th>200</th>\n",
       "      <td>161919</td>\n",
       "      <td>9.000008</td>\n",
       "      <td>39416.607639</td>\n",
       "    </tr>\n",
       "    <tr>\n",
       "      <th>300</th>\n",
       "      <td>943442</td>\n",
       "      <td>12.500011</td>\n",
       "      <td>39416.607679</td>\n",
       "    </tr>\n",
       "    <tr>\n",
       "      <th>400</th>\n",
       "      <td>194738</td>\n",
       "      <td>16.500015</td>\n",
       "      <td>39416.607726</td>\n",
       "    </tr>\n",
       "  </tbody>\n",
       "</table>\n",
       "</div>"
      ],
      "text/plain": [
       "     sensor ID  norm_secs (secs)   time (days)\n",
       "0        63802          0.000000  39416.607535\n",
       "100     415483          4.500004  39416.607587\n",
       "200     161919          9.000008  39416.607639\n",
       "300     943442         12.500011  39416.607679\n",
       "400     194738         16.500015  39416.607726"
      ]
     },
     "execution_count": 2,
     "metadata": {},
     "output_type": "execute_result"
    }
   ],
   "source": [
    "##Import the excel file \n",
    "sensor_df = pd.read_csv('104.csv')\n",
    "\n",
    "#Down sample to every 100\n",
    "sensor_df_smol = sensor_df[0:10000:100]\n",
    "sensor_df_smol.head()"
   ]
  },
  {
   "cell_type": "code",
   "execution_count": 3,
   "id": "76c24a0f",
   "metadata": {},
   "outputs": [
    {
     "data": {
      "text/html": [
       "<div>\n",
       "<style scoped>\n",
       "    .dataframe tbody tr th:only-of-type {\n",
       "        vertical-align: middle;\n",
       "    }\n",
       "\n",
       "    .dataframe tbody tr th {\n",
       "        vertical-align: top;\n",
       "    }\n",
       "\n",
       "    .dataframe thead th {\n",
       "        text-align: right;\n",
       "    }\n",
       "</style>\n",
       "<table border=\"1\" class=\"dataframe\">\n",
       "  <thead>\n",
       "    <tr style=\"text-align: right;\">\n",
       "      <th></th>\n",
       "      <th>sensor ID</th>\n",
       "      <th>norm_secs (secs)</th>\n",
       "      <th>time (days)</th>\n",
       "    </tr>\n",
       "  </thead>\n",
       "  <tbody>\n",
       "    <tr>\n",
       "      <th>100</th>\n",
       "      <td>415483</td>\n",
       "      <td>4.500004</td>\n",
       "      <td>39416.607587</td>\n",
       "    </tr>\n",
       "    <tr>\n",
       "      <th>200</th>\n",
       "      <td>161919</td>\n",
       "      <td>9.000008</td>\n",
       "      <td>39416.607639</td>\n",
       "    </tr>\n",
       "    <tr>\n",
       "      <th>300</th>\n",
       "      <td>943442</td>\n",
       "      <td>12.500011</td>\n",
       "      <td>39416.607679</td>\n",
       "    </tr>\n",
       "    <tr>\n",
       "      <th>400</th>\n",
       "      <td>194738</td>\n",
       "      <td>16.500015</td>\n",
       "      <td>39416.607726</td>\n",
       "    </tr>\n",
       "    <tr>\n",
       "      <th>500</th>\n",
       "      <td>202164</td>\n",
       "      <td>20.000018</td>\n",
       "      <td>39416.607766</td>\n",
       "    </tr>\n",
       "  </tbody>\n",
       "</table>\n",
       "</div>"
      ],
      "text/plain": [
       "     sensor ID  norm_secs (secs)   time (days)\n",
       "100     415483          4.500004  39416.607587\n",
       "200     161919          9.000008  39416.607639\n",
       "300     943442         12.500011  39416.607679\n",
       "400     194738         16.500015  39416.607726\n",
       "500     202164         20.000018  39416.607766"
      ]
     },
     "execution_count": 3,
     "metadata": {},
     "output_type": "execute_result"
    }
   ],
   "source": [
    "#filter to adjadent gateways with a time difference larger than 3 seconds\n",
    "diff_sensor_df = sensor_df_smol.diff()\n",
    "#print(diff_sensor_df[40:60])\n",
    "#print(sensor_df_smol[40:60])\n",
    "backbone_sensor_df = sensor_df_smol[diff_sensor_df['norm_secs (secs)'] > 3]\n",
    "backbone_sensor_df.head()"
   ]
  },
  {
   "cell_type": "code",
   "execution_count": 13,
   "id": "90f0e619",
   "metadata": {},
   "outputs": [
    {
     "name": "stdout",
     "output_type": "stream",
     "text": [
      "(23, 3)\n",
      "(100, 3)\n",
      "      sensor ID  norm_secs (secs)   time (days)\n",
      "1000     117554         38.000034  39416.607975\n",
      "1100     194738         41.500037  39416.608015\n",
      "41.500036752881336\n",
      "[ 100  200  300  400  500  600  700  800  900 1000]\n",
      "[ 1  2  3  4  5  6  7  8  9 10]\n"
     ]
    }
   ],
   "source": [
    "print(backbone_sensor_df.shape)\n",
    "print(sensor_df_smol.shape)\n",
    "#print(backbone_sensor_df['sensor ID'][0:10])\n",
    "print(backbone_sensor_df[9:11])\n",
    "print(backbone_sensor_df.iloc[10,1])\n",
    "test = np.linspace(100,1000,10,dtype=int)\n",
    "#index = np.linspace(100,(num_gates-1)*100,num_gates-1,dtype=int)\n",
    "#print(index)\n",
    "print(test)\n",
    "print((test//100))"
   ]
  },
  {
   "cell_type": "code",
   "execution_count": 16,
   "id": "ac556bf7",
   "metadata": {},
   "outputs": [
    {
     "data": {
      "text/plain": [
       "array([[ 0.        ,  4.50000399,  8.00000708, 12.00001063, 15.50001373,\n",
       "        19.00001683, 22.50001993, 26.00002303, 29.50002613, 33.50002967,\n",
       "        37.00003277, 40.50003587, 44.50003941, 48.00004251, 52.00004605,\n",
       "        56.00004959, 59.50005269, 63.00005579, 66.50005889, 70.00006199,\n",
       "        73.50006509, 76.50006775, 79.50007041],\n",
       "       [ 4.50000399,  0.        ,  3.5000031 ,  7.50000664, 11.00000974,\n",
       "        14.50001284, 18.00001594, 21.50001904, 25.00002214, 29.00002568,\n",
       "        32.50002878, 36.00003188, 40.00003542, 43.50003852, 47.50004207,\n",
       "        51.50004561, 55.00004871, 58.50005181, 62.00005491, 65.50005801,\n",
       "        69.00006111, 72.00006376, 75.00006642],\n",
       "       [ 8.00000708,  3.5000031 ,  0.        ,  4.00000354,  7.50000664,\n",
       "        11.00000974, 14.50001284, 18.00001594, 21.50001904, 25.50002258,\n",
       "        29.00002568, 32.50002878, 36.50003232, 40.00003542, 44.00003897,\n",
       "        48.00004251, 51.50004561, 55.00004871, 58.50005181, 62.00005491,\n",
       "        65.50005801, 68.50006066, 71.50006332],\n",
       "       [12.00001063,  7.50000664,  4.00000354,  0.        ,  3.5000031 ,\n",
       "         7.0000062 , 10.5000093 , 14.0000124 , 17.5000155 , 21.50001904,\n",
       "        25.00002214, 28.50002524, 32.50002878, 36.00003188, 40.00003542,\n",
       "        44.00003897, 47.50004207, 51.00004517, 54.50004827, 58.00005137,\n",
       "        61.50005447, 64.50005712, 67.50005978],\n",
       "       [15.50001373, 11.00000974,  7.50000664,  3.5000031 ,  0.        ,\n",
       "         3.5000031 ,  7.0000062 , 10.5000093 , 14.0000124 , 18.00001594,\n",
       "        21.50001904, 25.00002214, 29.00002568, 32.50002878, 36.50003232,\n",
       "        40.50003587, 44.00003897, 47.50004207, 51.00004517, 54.50004827,\n",
       "        58.00005137, 61.00005402, 64.00005668],\n",
       "       [19.00001683, 14.50001284, 11.00000974,  7.0000062 ,  3.5000031 ,\n",
       "         0.        ,  3.5000031 ,  7.0000062 , 10.5000093 , 14.50001284,\n",
       "        18.00001594, 21.50001904, 25.50002258, 29.00002568, 33.00002923,\n",
       "        37.00003277, 40.50003587, 44.00003897, 47.50004207, 51.00004517,\n",
       "        54.50004827, 57.50005092, 60.50005358],\n",
       "       [22.50001993, 18.00001594, 14.50001284, 10.5000093 ,  7.0000062 ,\n",
       "         3.5000031 ,  0.        ,  3.5000031 ,  7.0000062 , 11.00000974,\n",
       "        14.50001284, 18.00001594, 22.00001948, 25.50002258, 29.50002613,\n",
       "        33.50002967, 37.00003277, 40.50003587, 44.00003897, 47.50004207,\n",
       "        51.00004517, 54.00004782, 57.00005048],\n",
       "       [26.00002303, 21.50001904, 18.00001594, 14.0000124 , 10.5000093 ,\n",
       "         7.0000062 ,  3.5000031 ,  0.        ,  3.5000031 ,  7.50000664,\n",
       "        11.00000974, 14.50001284, 18.50001638, 22.00001948, 26.00002303,\n",
       "        30.00002657, 33.50002967, 37.00003277, 40.50003587, 44.00003897,\n",
       "        47.50004207, 50.50004472, 53.50004738],\n",
       "       [29.50002613, 25.00002214, 21.50001904, 17.5000155 , 14.0000124 ,\n",
       "        10.5000093 ,  7.0000062 ,  3.5000031 ,  0.        ,  4.00000354,\n",
       "         7.50000664, 11.00000974, 15.00001328, 18.50001638, 22.50001993,\n",
       "        26.50002347, 30.00002657, 33.50002967, 37.00003277, 40.50003587,\n",
       "        44.00003897, 47.00004162, 50.00004428],\n",
       "       [33.50002967, 29.00002568, 25.50002258, 21.50001904, 18.00001594,\n",
       "        14.50001284, 11.00000974,  7.50000664,  4.00000354,  0.        ,\n",
       "         3.5000031 ,  7.0000062 , 11.00000974, 14.50001284, 18.50001638,\n",
       "        22.50001993, 26.00002303, 29.50002613, 33.00002923, 36.50003232,\n",
       "        40.00003542, 43.00003808, 46.00004074],\n",
       "       [37.00003277, 32.50002878, 29.00002568, 25.00002214, 21.50001904,\n",
       "        18.00001594, 14.50001284, 11.00000974,  7.50000664,  3.5000031 ,\n",
       "         0.        ,  3.5000031 ,  7.50000664, 11.00000974, 15.00001328,\n",
       "        19.00001683, 22.50001993, 26.00002303, 29.50002613, 33.00002923,\n",
       "        36.50003232, 39.50003498, 42.50003764],\n",
       "       [40.50003587, 36.00003188, 32.50002878, 28.50002524, 25.00002214,\n",
       "        21.50001904, 18.00001594, 14.50001284, 11.00000974,  7.0000062 ,\n",
       "         3.5000031 ,  0.        ,  4.00000354,  7.50000664, 11.50001018,\n",
       "        15.50001373, 19.00001683, 22.50001993, 26.00002303, 29.50002613,\n",
       "        33.00002923, 36.00003188, 39.00003454],\n",
       "       [44.50003941, 40.00003542, 36.50003232, 32.50002878, 29.00002568,\n",
       "        25.50002258, 22.00001948, 18.50001638, 15.00001328, 11.00000974,\n",
       "         7.50000664,  4.00000354,  0.        ,  3.5000031 ,  7.50000664,\n",
       "        11.50001018, 15.00001328, 18.50001638, 22.00001948, 25.50002258,\n",
       "        29.00002568, 32.00002834, 35.000031  ],\n",
       "       [48.00004251, 43.50003852, 40.00003542, 36.00003188, 32.50002878,\n",
       "        29.00002568, 25.50002258, 22.00001948, 18.50001638, 14.50001284,\n",
       "        11.00000974,  7.50000664,  3.5000031 ,  0.        ,  4.00000354,\n",
       "         8.00000708, 11.50001018, 15.00001328, 18.50001638, 22.00001948,\n",
       "        25.50002258, 28.50002524, 31.5000279 ],\n",
       "       [52.00004605, 47.50004207, 44.00003897, 40.00003542, 36.50003232,\n",
       "        33.00002923, 29.50002613, 26.00002303, 22.50001993, 18.50001638,\n",
       "        15.00001328, 11.50001018,  7.50000664,  4.00000354,  0.        ,\n",
       "         4.00000354,  7.50000664, 11.00000974, 14.50001284, 18.00001594,\n",
       "        21.50001904, 24.5000217 , 27.50002435],\n",
       "       [56.00004959, 51.50004561, 48.00004251, 44.00003897, 40.50003587,\n",
       "        37.00003277, 33.50002967, 30.00002657, 26.50002347, 22.50001993,\n",
       "        19.00001683, 15.50001373, 11.50001018,  8.00000708,  4.00000354,\n",
       "         0.        ,  3.5000031 ,  7.0000062 , 10.5000093 , 14.0000124 ,\n",
       "        17.5000155 , 20.50001816, 23.50002081],\n",
       "       [59.50005269, 55.00004871, 51.50004561, 47.50004207, 44.00003897,\n",
       "        40.50003587, 37.00003277, 33.50002967, 30.00002657, 26.00002303,\n",
       "        22.50001993, 19.00001683, 15.00001328, 11.50001018,  7.50000664,\n",
       "         3.5000031 ,  0.        ,  3.5000031 ,  7.0000062 , 10.5000093 ,\n",
       "        14.0000124 , 17.00001506, 20.00001771],\n",
       "       [63.00005579, 58.50005181, 55.00004871, 51.00004517, 47.50004207,\n",
       "        44.00003897, 40.50003587, 37.00003277, 33.50002967, 29.50002613,\n",
       "        26.00002303, 22.50001993, 18.50001638, 15.00001328, 11.00000974,\n",
       "         7.0000062 ,  3.5000031 ,  0.        ,  3.5000031 ,  7.0000062 ,\n",
       "        10.5000093 , 13.50001196, 16.50001461],\n",
       "       [66.50005889, 62.00005491, 58.50005181, 54.50004827, 51.00004517,\n",
       "        47.50004207, 44.00003897, 40.50003587, 37.00003277, 33.00002923,\n",
       "        29.50002613, 26.00002303, 22.00001948, 18.50001638, 14.50001284,\n",
       "        10.5000093 ,  7.0000062 ,  3.5000031 ,  0.        ,  3.5000031 ,\n",
       "         7.0000062 , 10.00000886, 13.00001151],\n",
       "       [70.00006199, 65.50005801, 62.00005491, 58.00005137, 54.50004827,\n",
       "        51.00004517, 47.50004207, 44.00003897, 40.50003587, 36.50003232,\n",
       "        33.00002923, 29.50002613, 25.50002258, 22.00001948, 18.00001594,\n",
       "        14.0000124 , 10.5000093 ,  7.0000062 ,  3.5000031 ,  0.        ,\n",
       "         3.5000031 ,  6.50000576,  9.50000841],\n",
       "       [73.50006509, 69.00006111, 65.50005801, 61.50005447, 58.00005137,\n",
       "        54.50004827, 51.00004517, 47.50004207, 44.00003897, 40.00003542,\n",
       "        36.50003232, 33.00002923, 29.00002568, 25.50002258, 21.50001904,\n",
       "        17.5000155 , 14.0000124 , 10.5000093 ,  7.0000062 ,  3.5000031 ,\n",
       "         0.        ,  3.00000266,  6.00000531],\n",
       "       [76.50006775, 72.00006376, 68.50006066, 64.50005712, 61.00005402,\n",
       "        57.50005092, 54.00004782, 50.50004472, 47.00004162, 43.00003808,\n",
       "        39.50003498, 36.00003188, 32.00002834, 28.50002524, 24.5000217 ,\n",
       "        20.50001816, 17.00001506, 13.50001196, 10.00000886,  6.50000576,\n",
       "         3.00000266,  0.        ,  3.00000266],\n",
       "       [79.50007041, 75.00006642, 71.50006332, 67.50005978, 64.00005668,\n",
       "        60.50005358, 57.00005048, 53.50004738, 50.00004428, 46.00004074,\n",
       "        42.50003764, 39.00003454, 35.000031  , 31.5000279 , 27.50002435,\n",
       "        23.50002081, 20.00001771, 16.50001461, 13.00001151,  9.50000841,\n",
       "         6.00000531,  3.00000266,  0.        ]])"
      ]
     },
     "execution_count": 16,
     "metadata": {},
     "output_type": "execute_result"
    }
   ],
   "source": [
    "#set up a matrix of time between gateways, this is a proxy for distance\n",
    "num_gates = backbone_sensor_df.shape[0]\n",
    "time_pairs = np.ones((num_gates,num_gates))\n",
    "\n",
    "for x in range(num_gates):\n",
    "    #times = []\n",
    "    for y in range(num_gates):\n",
    "        #get all the pairs\n",
    "        #times.append(abs(backbone_sensor_df.iloc[x][1] == backbone_sensor_df.iloc[y][1]))\n",
    "        time_pairs[x][y] = abs(backbone_sensor_df.iloc[x][1] - backbone_sensor_df.iloc[y][1])\n",
    "    #set the values\n",
    "    #timenp.mean(times)\n",
    "        \n",
    "time_pairs"
   ]
  },
  {
   "cell_type": "code",
   "execution_count": null,
   "id": "8b2782ba",
   "metadata": {},
   "outputs": [],
   "source": [
    "#get the average velocity from the ground truth data "
   ]
  },
  {
   "cell_type": "code",
   "execution_count": null,
   "id": "668e0731",
   "metadata": {},
   "outputs": [],
   "source": [
    "#calculate the distance matrix from the average time and average velocity "
   ]
  },
  {
   "cell_type": "code",
   "execution_count": null,
   "id": "947358d3",
   "metadata": {},
   "outputs": [],
   "source": [
    "#pick three sensors to triangulate (the furthest apart ones)"
   ]
  },
  {
   "cell_type": "code",
   "execution_count": null,
   "id": "53b09074",
   "metadata": {},
   "outputs": [],
   "source": [
    "#derive all distances from the three sensors"
   ]
  },
  {
   "cell_type": "code",
   "execution_count": null,
   "id": "229618e1",
   "metadata": {},
   "outputs": [],
   "source": [
    "#plot the gateways "
   ]
  },
  {
   "cell_type": "code",
   "execution_count": null,
   "id": "73bbbe09",
   "metadata": {},
   "outputs": [],
   "source": [
    "#compare gateway locations to ground truth "
   ]
  },
  {
   "cell_type": "code",
   "execution_count": null,
   "id": "7c6d8984",
   "metadata": {},
   "outputs": [],
   "source": [
    "#backbone_sensor_df = sensor_df.loc(sensor_df['norm_secs (secs)'].diff() > 1)\n",
    "#print(backbone_sensor_df)\n",
    "#print(sensor_df.filter(sensor_df['norm_secs (secs)'].diff() > 1))\n",
    "#backbone_sensor_df = sensor_df_smol.loc(diff_sensor_df['norm_secs (secs)'] > 1.0)\n",
    "#backbone_sensor_df.head()\n",
    "\n",
    "#print(sensor_df_smol[diff_sensor_df['norm_secs (secs)'] > 3])\n",
    "\n",
    "##print(sensor_df['norm_secs (secs)'][100:110])\n",
    "#print(sensor_df[\"sensor ID\"][0])\n",
    "\n",
    "#Get a pairwise matrix for the backbone gateways\n",
    "num_gates = backbone_sensor_df.shape[0]\n",
    "index = np.linspace(100,(num_gates-1)*100,num_gates-1,dtype=int)\n",
    "\n",
    "#set up a matrix of time between gateways, this is a proxy for distance\n",
    "time_pairs = np.ones((num_gates,num_gates))\n",
    "\n",
    "for x in index:\n",
    "    times = []\n",
    "    for y in index:\n",
    "        #get all the pairs\n",
    "        if (backbone_sensor_df[\"sensor ID\"][x+100] == backbone_sensor_df[\"sensor ID\"][y]):\n",
    "            times.append(abs(backbone_sensor_df[\"norm_secs (secs)\"][x+100] - backbone_sensor_df[\"norm_secs (secs)\"][y]))\n",
    "        \n",
    "        #set the distance values\n",
    "        pairs[(x//100)-1][(y//100)-1] = np.mean(times)\n",
    "        \n",
    "#pairs\n",
    "\n",
    "#if (backbone_sensor_df.iloc[x][1] == backbone_sensor_df.iloc[y][1]):"
   ]
  }
 ],
 "metadata": {
  "kernelspec": {
   "display_name": "Python 3 (ipykernel)",
   "language": "python",
   "name": "python3"
  },
  "language_info": {
   "codemirror_mode": {
    "name": "ipython",
    "version": 3
   },
   "file_extension": ".py",
   "mimetype": "text/x-python",
   "name": "python",
   "nbconvert_exporter": "python",
   "pygments_lexer": "ipython3",
   "version": "3.7.11"
  }
 },
 "nbformat": 4,
 "nbformat_minor": 5
}
